9.345803e-01
-2.850445e+00
4.994491e-01
1.797051e+00
1.601442e+00
7.548979e-01
-1.897491e-02
6.210116e-01
-7.650216e-01
-1.026006e-01
2.966436e+00
-8.107205e-01
3.700656e-01
2.537957e-01
-2.630980e+00
-3.826894e+00
1.366659e+00
-2.061404e+00
3.217783e-01
6.671822e-02
-1.709499e+00
1.200149e+00
5.092118e-01
-6.367396e-01
-6.123127e-01
2.112637e-01
4.566401e-01
1.714328e+00
1.653114e+00
-1.830709e-01
9.290887e-01
-1.807561e-01
-2.485785e+00
-1.009314e+00
-1.658932e+00
5.156416e-01
4.723894e-01
-8.756724e-01
-4.751359e-01
3.852520e-01
-3.489618e+00
-2.801918e-01
3.355084e-02
-2.634129e+00
-5.692111e-02
1.138084e+00
-1.582739e+00
2.437939e-01
-5.363573e-01
-6.047098e-01
1.335601e+00
-2.419687e-01
2.718511e+00
2.853851e+00
1.335962e+00
3.701309e+00
1.473111e+00
1.146566e-01
-3.348933e+00
2.051994e+00
-1.119635e-01
-3.041813e-01
3.251908e-01
5.224961e-01
-1.954797e-01
-1.154865e+00
-7.594530e-01
9.719344e-01
-1.066257e+00
-6.111363e-01
-2.037920e+00
1.777050e+00
1.519574e+00
5.955996e-01
-4.450920e-02
8.703031e-01
-2.097109e+00
1.269687e+00
-1.306576e+00
1.697752e+00
-8.808813e-01
8.493963e-01
-9.677854e-01
8.896089e-01
-8.080982e-01
-4.397128e-01
1.435820e+00
7.199965e-01
6.482774e-01
-1.211681e+00
-2.104651e+00
-8.943544e-01
9.179909e-01
9.779760e-01
-4.196609e-01
-4.000585e-01
1.895608e+00
1.759088e+00
-3.865136e-01
1.026108e+00
-2.857925e-02
1.376135e+00
1.943931e+00
2.970719e+00
3.416463e+00
-7.656647e-01
-1.483824e+00
-7.633506e-01
8.348664e-01
-1.353085e+00
-1.900530e+00
5.960037e-01
-2.374063e+00
-7.276046e-01
8.570392e-01
2.772189e+00
-6.455216e-02
8.580111e-01
-8.621507e-01
2.164939e+00
2.489962e+00
-2.830716e-01
-2.185262e+00
-1.435391e+00
-6.129928e-01
-1.977685e+00
-1.163189e+00
1.133334e+00
-1.441545e+00
1.857719e-01
-2.988106e-02
4.658949e-01
5.503333e-01
9.322250e-01
3.309557e-01
4.939831e-01
1.695838e+00
-8.663970e-01
1.980317e+00
1.171478e+00
-1.192103e+00
-4.129321e-01
8.764268e-01
-1.628192e+00
1.060856e-01
2.601042e+00
-6.503426e-01
3.030177e-01
-8.473878e-01
4.330286e-01
-1.411759e-02
3.653143e-01
1.365200e+00
1.274360e+00
-5.911739e-02
-8.145725e-01
-1.073535e-01
5.377952e-01
-1.049255e+00
-1.655218e-01
-1.318927e+00
-1.157185e+00
1.644420e-01
-7.652419e-01
-6.848942e-01
-5.454387e-01
-1.389627e+00
6.957209e-01
1.268378e+00
-1.439922e+00
4.193223e-01
-2.767984e+00
1.327531e+00
1.708879e-01
6.590721e-01
-8.343818e-01
-7.647402e-01
-1.220781e+00
-1.566836e+00
1.410914e+00
1.330346e-01
-9.144637e-01
-3.375678e-01
-1.617377e+00
-2.712428e+00
-1.080887e+00
-1.378970e+00
1.438797e+00
-1.354544e-01
1.137749e-01
2.187029e+00
-7.687359e-02
-1.405857e+00
4.685610e-01
7.661021e-02
4.629209e-01
-4.082800e-02
9.073836e-01
6.625571e-01
9.642600e-01
7.729446e-01
1.856738e+00
5.024659e-01
-3.372630e-01
-2.620784e-01
1.393004e+00
8.863822e-01
3.865561e-02
-1.592754e+00
1.507550e+00
1.082161e+00
1.154912e+00
1.854766e+00
1.952637e+00
1.513077e+00
1.365982e+00
1.754792e+00
2.204868e-01
-1.417048e+00
3.651623e-01
-1.234621e-02
1.827601e+00
-5.674196e-01
-1.346838e+00
3.069896e-01
-4.706082e-01
1.464098e+00
-7.156537e-02
3.778226e-01
-5.028063e-01
9.775776e-02
1.870649e+00
2.028586e+00
2.359217e+00
2.027039e+00
8.658928e-01
2.108690e+00
1.210396e+00
1.379062e-01
1.622836e+00
-8.959336e-02
1.416291e+00
-1.125095e-01
1.345787e+00
7.539366e-02
-2.353507e-01
1.546015e+00
-1.489421e+00
1.453794e-01
-7.056027e-01
-1.149720e+00
-1.960835e-01
-1.633400e+00
-1.018783e+00
3.402032e-01
2.141235e-01
1.478156e+00
-4.355648e-01
-4.650648e-02
-1.193903e+00
8.546406e-01
-1.885114e+00
-4.042764e-01
-1.498937e-01
-1.335230e+00
-4.570065e-01
-2.155434e+00
-5.449948e-01
1.486563e+00
-4.037616e-01
-5.064357e-01
-5.786055e-01
4.615214e-01
4.104401e-01
1.211330e+00
-3.410766e-01
1.584898e+00
5.564619e-01
-1.119414e+00
1.155707e+00
1.777600e-01
-2.739626e+00
-1.485374e+00
9.117727e-01
-1.472823e+00
1.032888e+00
-1.329831e-01
-8.280506e-01
2.832902e-01
-1.144699e-01
-1.010176e+00
5.961759e-01
-7.494309e-01
1.942721e+00
-2.143283e+00
1.013515e+00
-6.985329e-02
-1.645889e-01
-4.299594e-01
-1.472317e+00
-1.321226e+00
3.503066e-01
-2.162689e+00
6.587972e-01
8.745174e-01
2.555080e-01
-4.745656e-01
-9.530566e-01
-5.403246e-01
-3.409613e-02
-2.181808e+00
-2.778581e-01
-1.444668e+00
-7.945871e-01
2.951044e+00
9.927642e-01
-2.764232e-01
-4.637228e-01
1.051358e+00
1.036836e+00
-6.492416e-02
9.184300e-01
4.980576e-01
-1.482577e+00
-3.031526e-02
-5.274584e-01
-3.703681e-02
3.020200e+00
9.667680e-01
-1.474600e+00
2.052172e-01
-4.448219e-01
1.329734e+00
-1.486631e+00
8.675821e-01
-2.568732e+00
-6.737068e-01
-1.567232e+00
6.306376e-01
-7.919119e-02
3.629595e-01
-2.181271e+00
1.596978e-01
-1.187812e+00
2.141197e+00
1.240231e+00
1.133155e+00
1.346265e+00
1.691658e+00
-7.142569e-01
-1.401441e+00
2.402571e-01
-2.532496e+00
1.491536e-01
7.423570e-01
-4.397320e-01
-8.778450e-02
-5.995244e-01
-2.375907e+00
-7.091279e-01
4.748643e-01
-8.072961e-01
1.409460e+00
2.026282e+00
8.315944e-01
-2.585958e-01
1.098301e+00
2.638445e-01
-3.120971e-01
-6.872142e-01
-2.182443e-01
-1.333683e-01
-1.803723e+00
-1.382588e+00
-2.664342e+00
-4.729991e-01
-4.418660e-01
1.398546e+00
-6.039615e-01
-2.447749e+00
-2.521551e-01
-1.211915e+00
-2.706635e+00
5.086826e-01
-1.068951e+00
2.228263e+00
2.239880e+00
-1.388108e+00
8.775388e-02
6.570485e-01
-1.204052e+00
-2.766369e-01
-5.395272e-01
1.109193e+00
1.775153e-01
-1.406608e+00
-2.925396e+00
2.545912e+00
-6.798774e-01
-2.055646e+00
-5.118613e-01
1.473833e+00
7.460807e-01
1.503778e+00
1.848530e+00
7.476279e-01
1.437364e-01
2.479744e-01
6.527614e-01
2.976835e-01
2.033613e+00
1.454412e-01
-1.648327e+00
-9.504110e-02
1.233609e+00
4.705946e+00
4.418574e-01
8.603818e-01
-8.649870e-01
-4.158684e-01
-8.489343e-01
-6.715618e-01
1.912225e+00
-1.843277e+00
-2.299970e+00
1.921320e+00
1.154598e-01
-2.247495e-01
1.109695e+00
5.823262e-01
1.500681e-01
-1.400067e+00
-1.213994e+00
-2.372238e-01
6.081512e-01
1.067704e+00
1.708742e+00
1.611619e+00
1.381359e+00
-2.338515e+00
-2.113393e-01
-1.564769e-01
2.456252e-01
-3.894213e-01
-5.473122e-02
7.600514e-01
-1.181663e+00
-9.532938e-01
1.216009e+00
4.883770e-01
-7.187139e-01
2.096046e+00
-5.289180e-01
-6.362371e-01
-3.998665e-01
2.373578e-01
5.887774e-01
-1.916545e+00
-8.636400e-01
-4.474368e-01
-1.748477e+00
-4.657075e-01
-1.318937e+00
-1.819609e+00
-1.788586e+00
-1.973063e+00
-7.340499e-01
2.964546e-01
-8.243753e-01
1.069525e+00
3.629328e-01
4.173044e-02
1.441083e+00
-1.748012e+00
-2.748169e+00
-3.621562e-01
8.669116e-01
-2.533150e+00
-1.302065e-01
6.890448e-01
-2.868469e-01
-6.708692e-02
-1.306570e+00
-9.902721e-01
7.598315e-01
8.438775e-01
-2.192754e+00
2.288422e+00
1.057633e+00
-2.606061e+00
2.131515e-01
-3.396568e-01
8.399093e-01
-1.193720e-01
5.397737e-01
-1.053851e-01
3.858323e-01
-2.885203e-01
-1.431956e+00
9.098125e-01
-1.173683e+00
1.950493e+00
4.033940e-01
-4.365648e-01
-7.770251e-01
-1.699982e+00
-6.973304e-01
1.328863e+00
4.768848e+00
-4.086143e-01
-5.534532e-01
1.609492e+00
1.502284e+00
1.981726e-01
-4.512025e-01
1.759660e+00
1.079192e+00
-8.397569e-01
3.182092e-01
-3.110735e-02
9.301885e-01
-1.991782e+00
1.525515e+00
-2.003710e+00
-1.098025e-01
-1.106929e+00
1.468146e+00
-1.822083e+00
-2.009623e-01
-1.437296e+00
-2.254673e+00
-1.720577e+00
-1.620390e+00
-3.340375e+00
1.159960e+00
4.784050e-01
-4.609423e-01
6.078409e-01
-2.207749e+00
2.468781e-01
-7.336191e-01
1.088944e+00
-1.237257e+00
1.447759e-01
1.439318e+00
-1.546246e-01
-1.454069e+00
-1.723446e-01
-8.711582e-01
-2.249639e-01
-4.206184e-01
-7.648314e-02
-1.975623e-01
1.120204e+00
1.392802e+00
1.227467e-01
-3.951321e-01
6.459302e-01
9.616119e-01
-1.842949e+00
-1.992630e+00
-1.556214e+00
-1.549503e+00
8.489921e-01
1.303865e+00
-2.780013e-02
3.730898e-02
1.434738e+00
2.250424e+00
1.345587e+00
2.141770e+00
-5.111052e-01
7.907883e-01
-2.108288e-01
7.116551e-01
-2.552322e+00
-2.059634e-01
-1.076967e+00
-7.108159e-01
8.796977e-01
-1.515539e+00
3.711470e-01
1.508030e+00
-9.509876e-01
-9.403578e-01
-7.543319e-01
-1.461684e+00
9.011010e-01
2.076794e-02
-2.494280e+00
-9.421228e-01
-1.703969e+00
-1.866801e+00
1.542284e+00
4.132152e-01
1.891578e+00
2.701727e-02
2.118163e+00
-1.692821e+00
1.854474e+00
1.847840e+00
8.079536e-02
-2.004703e+00
-1.621654e-01
-2.077322e+00
-2.311660e+00
3.417844e-01
-1.420900e-02
6.670354e-01
1.364221e+00
1.748884e+00
1.818520e+00
1.667487e-01
7.233934e-01
-1.724315e+00
-3.594730e-01
-1.201883e+00
3.062722e-01
-3.868279e+00
-1.456342e+00
-1.157400e+00
-9.674726e-01
-4.713555e-01
-5.748969e-01
-1.349789e+00
-5.198925e-01
-8.382558e-01
1.065969e+00
2.751299e+00
-5.049711e-01
4.005278e-01
-9.000692e-01
1.375850e+00
5.725847e-01
-1.224511e+00
4.125785e-01
-8.961613e-01
-1.976701e+00
4.588997e-01
3.083606e-01
-1.110818e+00
-2.122871e+00
-2.174165e-01
-1.918461e+00
-7.265635e-01
2.725989e-01
1.690543e+00
-6.744765e-01
6.199974e-01
-2.423273e+00
6.698725e-01
1.172318e+00
-1.964202e-01
-2.143969e+00
1.285709e+00
5.496102e-01
3.864281e-01
1.348596e+00
3.942199e-01
2.224055e+00
7.692421e-01
1.664099e+00
5.068688e-01
2.849116e+00
1.943738e+00
7.351980e-01
1.728578e+00
-1.630409e+00
1.214458e+00
-7.316466e-03
-1.821713e+00
1.532145e+00
1.270105e+00
-1.051887e+00
-1.446045e+00
-9.903078e-01
-6.963922e-01
-4.950827e-01
1.270763e+00
-2.124435e+00
-3.381652e-01
-5.001325e-05
3.620002e-01
7.278634e-01
5.007694e-02
5.906633e-03
-2.055324e+00
-8.181328e-01
-1.315102e+00
-8.561371e-01
-1.030970e+00
9.854757e-01
1.178386e+00
9.063481e-01
1.845286e+00
1.549865e+00
2.482005e+00
-9.390396e-01
-8.798844e-01
-8.729490e-01
-1.825967e+00
-8.151889e-01
-1.725468e+00
-2.342040e+00
-1.222924e-01
-1.999533e+00
8.854060e-02
-2.775143e+00
-1.162508e+00
-1.097048e+00
-1.806704e-01
2.585579e+00
8.021049e-01
7.398718e-01
4.072253e-01
-1.471738e+00
-1.686432e+00
-7.249383e-01
2.069196e+00
-2.036108e+00
-2.300365e-01
-2.029970e+00
-1.343856e+00
4.896223e-01
-4.208201e-01
-7.033284e-01
-2.501131e+00
-7.992519e-01
9.541992e-01
7.105004e-01
-8.654478e-01
1.838372e+00
2.579370e+00
-1.350536e+00
-2.985792e-01
1.271272e+00
-1.221035e+00
1.119571e+00
8.287700e-01
7.625068e-01
-2.929250e+00
-3.252426e+00
-7.147716e-01
7.489866e-01
-2.685953e+00
-1.291144e+00
-1.139287e+00
6.985615e-03
1.193590e+00
1.511779e-02
-1.626895e-01
1.931188e+00
1.227716e+00
5.005771e-01
1.055626e+00
8.214216e-01
2.301927e-01
-1.175618e+00
1.046843e+00
2.538507e+00
-7.343687e-01
1.457238e+00
-2.284807e-01
-1.223446e+00
-2.268225e+00
-6.173681e-01
8.758144e-01
-3.238373e+00
-3.111615e-01
-1.156257e+00
1.615481e-01
1.939366e+00
-1.074863e-01
-5.111924e-01
-2.736896e-01
1.167163e+00
-1.341361e+00
2.029305e-01
1.103124e+00
1.326888e+00
-1.150280e+00
-4.402236e-01
-2.719924e+00
1.051584e+00
-6.967729e-01
8.349727e-01
6.518969e-01
3.314364e-01
-1.185676e+00
-1.172133e+00
-2.996247e+00
-3.780699e-01
-1.851215e-01
1.152241e+00
1.092175e+00
-1.162495e+00
2.387050e+00
-8.927656e-01
-2.473758e+00
2.631300e-02
3.327214e-01
2.517382e-01
-1.595749e+00
-1.404353e+00
-3.340550e+00
-5.439871e-01
1.487748e+00
-2.983656e-01
-1.747535e+00
-1.234477e+00
5.957161e-01
-6.435722e-01
9.674357e-01
-1.764330e+00
1.131987e+00
-2.351268e-01
6.766057e-01
7.056206e-01
-4.670975e-02
-3.284301e-01
-5.578702e-01
2.758975e+00
2.086566e-01
1.136529e+00
5.204396e-01
3.196377e-01
-4.974424e-01
-1.279107e+00
7.453087e-01
9.109437e-02
9.045652e-01
1.418455e+00
2.053119e+00
5.344212e-01
6.908499e-02
9.176458e-01
5.815250e-02
-1.154063e+00
4.005463e-01
-1.082995e-01
-1.734291e+00
-1.078435e+00
-5.490127e-01
5.305533e-01
1.034297e+00
-1.254749e-01
-1.206602e+00
3.140710e-01
1.993399e-01
1.149846e+00
-5.463248e-01
1.942655e-01
1.143253e+00
1.946437e+00
1.163079e+00
7.148483e-01
1.095485e+00
-1.346722e+00
8.387327e-01
-3.975089e-01
1.823832e+00
1.409774e-01
9.213506e-01
2.062045e-01
2.285220e-01
-1.424214e+00
-7.270757e-01
6.560594e-01
1.090990e+00
-1.993035e-01
3.880213e-01
-4.429338e-01
5.365984e-01
-2.438936e-01
3.586678e-01
-6.386434e-01
-1.192312e+00
2.041345e-02
7.900317e-01
2.253130e+00
-2.733622e-01
-1.613117e-02
5.658370e-01
4.441690e-02
-6.583109e-01
-1.043317e-01
9.095470e-01
1.599834e+00
-2.404026e-01
1.758742e+00
6.050957e-01
-7.151139e-01
1.468048e+00
4.559649e-01
-7.030132e-01
-2.573327e-01
2.481811e-01
1.445759e+00
-1.388017e-01
2.600729e-01
1.636121e+00
1.066171e+00
6.043869e-01
-2.328029e+00
4.538563e-01
-1.155448e+00
-1.586880e+00
3.606509e+00
2.369944e-01
-7.819779e-01
4.714019e-01
-7.194063e-01
-2.235453e+00
2.658388e+00
7.234355e-01
6.682332e-02
4.844233e-01
6.372762e-01
-6.239200e-01
-1.886729e-01
-1.490008e+00
-1.980979e-01
-1.325780e-01
-6.149396e-01
2.319301e+00
-9.481185e-01
-1.567576e+00
1.338266e-02
-3.133126e-02
-5.641407e-01
-6.083020e-01
2.389219e+00
6.852223e-01
-2.061152e+00
7.492573e-01
-1.839007e+00
-1.467306e+00
1.855206e+00
4.242386e-01
1.622609e+00
-1.924769e-01
9.455630e-01
-2.239897e+00
3.813366e-01
1.068214e+00
-9.342079e-01
8.221159e-01
-1.824020e+00
-6.415767e-01
2.039030e+00
-5.030826e-01
1.422647e+00
-2.822461e-01
6.584268e-01
1.531868e-01
3.287248e+00
-1.711224e+00
-2.002604e+00
-1.064041e+00
2.255806e+00
-1.709166e+00
-1.783313e+00
-3.574921e-02
-2.054768e+00
-2.127020e+00
-3.175838e+00
1.136054e+00
6.835777e-01
-1.278550e+00
-7.444005e-01
1.367822e-01
-2.287048e+00
-2.887454e-01
6.537244e-01
-2.673585e+00
-1.914513e+00
6.059517e-01
-2.443707e-01
7.009443e-02
-3.989644e-01
-2.454518e-01
1.207579e-01
-2.994686e+00
-5.466906e-01
-2.050199e+00
5.373070e-01
3.690871e-01
-9.356478e-01
-1.653644e+00
-2.665509e+00
5.898551e-02
7.635712e-01
-7.361438e-01
3.911885e-01
-1.383485e+00
7.117256e-02
6.852884e-01
3.097625e+00
-9.303661e-01
-6.118181e-01
-1.700552e+00
