-5.923281e-02
-3.432914e-01
1.155653e-01
1.308980e-01
4.795771e-01
5.614825e-01
8.589096e-01
1.675397e+00
-3.634952e-01
-7.367083e-01
8.775938e-01
-7.815671e-01
8.402251e-01
6.287389e-01
-2.413849e+00
-3.402387e+00
-1.781827e+00
-1.351581e+00
-1.636077e-01
8.202296e-01
6.014303e-01
9.018123e-01
-1.771619e-01
9.131668e-01
4.401553e-01
-7.195794e-01
-8.297909e-01
4.648170e-01
-2.523370e+00
-1.354383e+00
1.445344e+00
1.636923e+00
-1.829463e+00
-7.212409e-01
1.341630e-03
-7.930916e-01
-2.530562e+00
-2.513148e+00
-5.856895e-01
-8.243919e-01
-1.627291e+00
1.506237e-01
1.044431e+00
5.791274e-01
-3.409305e-02
-1.501347e+00
-9.009374e-01
-6.079919e-01
-1.766599e+00
-3.805372e-02
9.008160e-01
2.582655e+00
2.383286e+00
2.147525e+00
3.131828e+00
4.055292e+00
1.350264e+00
-5.074958e-02
-9.614802e-01
2.611918e+00
1.548816e+00
1.763667e+00
6.187122e-02
-9.914694e-01
-8.740706e-01
-1.777126e+00
-1.663099e+00
-9.915860e-01
-1.828088e-01
1.465832e-01
3.041788e-01
2.659546e+00
3.288110e+00
1.754055e+00
9.633608e-01
-6.404387e-02
-8.996192e-01
4.884117e-01
2.397070e+00
2.503569e+00
1.551058e+00
1.383269e-01
-1.553727e+00
1.019842e-01
-6.300592e-01
7.576454e-01
8.036236e-01
1.348496e-01
-7.629824e-01
-1.072136e+00
-9.420591e-01
-1.336318e-01
5.024031e-02
3.047853e-02
1.238740e-01
-1.067939e+00
2.759176e-01
1.235587e-02
7.958195e-01
9.000123e-01
-1.045722e+00
8.651398e-01
3.015125e+00
2.769744e+00
1.548512e+00
8.303480e-01
4.932674e-03
1.817206e-02
-9.514388e-01
-5.014094e-03
-1.619796e+00
-8.437765e-01
-9.860812e-01
-8.547182e-02
6.891520e-01
6.768904e-01
-7.363199e-01
-1.451436e-01
6.465138e-01
-6.438213e-01
-7.096630e-02
1.019328e-01
-9.926491e-01
-9.699909e-01
-2.435289e+00
-9.993613e-01
8.966231e-01
6.983138e-01
2.617361e+00
1.631329e+00
8.380673e-01
1.679562e+00
5.861494e-01
-7.898802e-02
3.939233e-01
-7.454787e-01
1.740419e-01
-8.701243e-01
2.002962e+00
1.101626e+00
-2.779909e-02
6.467123e-01
9.088850e-01
7.396595e-01
1.081287e-01
7.969714e-02
-1.803750e+00
-1.504254e+00
-7.418887e-01
-1.685926e-01
-7.567909e-01
9.270244e-01
2.534698e-01
1.751052e+00
2.335061e+00
1.554631e+00
-7.836953e-01
-3.188388e-02
-2.413246e+00
-2.437932e+00
-2.319170e+00
-8.066425e-01
-9.437310e-01
7.028160e-02
2.292179e-01
1.373773e+00
6.294239e-01
8.948695e-01
1.533454e+00
-1.644423e+00
-1.122035e+00
-2.263941e+00
-6.948204e-01
-6.423822e-01
-8.346284e-01
-5.918183e-01
-1.652365e+00
-1.870319e+00
-1.734821e+00
1.647213e-01
-7.962131e-01
-7.382276e-01
-6.829991e-01
-1.712899e+00
-1.632858e+00
-6.689837e-01
-3.835371e+00
-2.104086e+00
-1.830175e+00
-1.050314e+00
1.770591e+00
2.567391e+00
-7.285409e-01
1.204319e+00
7.379387e-01
-1.357726e+00
-9.926103e-01
-1.522181e+00
-7.294283e-01
1.576776e+00
6.777000e-01
7.698218e-01
7.972318e-01
-1.086737e+00
-5.296737e-01
-6.876808e-02
8.574467e-01
7.946757e-01
-1.561694e+00
-9.161782e-03
1.699994e+00
2.893789e+00
3.092192e+00
3.085564e+00
2.559575e+00
1.497813e+00
8.066895e-01
7.334845e-01
-7.838753e-01
-6.950486e-01
-1.414800e+00
3.124683e-02
2.344836e-01
-8.624856e-02
2.253512e-01
-3.200085e-01
-6.770640e-01
9.046748e-01
8.705488e-01
6.704860e-02
1.850935e+00
2.274686e+00
1.696936e+00
2.536190e+00
2.462305e+00
1.631319e+00
1.736647e+00
1.263060e+00
1.783089e+00
2.514248e+00
7.571696e-01
1.756623e+00
1.023071e+00
1.905218e+00
8.441862e-01
3.905066e-02
7.127669e-01
-1.084923e+00
-2.326245e+00
-2.576429e+00
-8.295586e-01
-8.819125e-01
-1.689007e+00
-3.239113e+00
-2.204227e+00
-1.571867e+00
-8.588054e-01
-1.075891e+00
6.352755e-01
-1.889961e-01
1.664017e+00
5.928637e-01
1.642703e+00
8.505413e-01
-1.645695e+00
-1.355248e-01
8.195461e-01
1.132654e-01
1.353549e-01
7.284682e-01
-1.358726e-01
9.248208e-02
8.298543e-01
2.511748e+00
3.247944e+00
1.426764e+00
1.576917e+00
1.485960e+00
9.691649e-01
1.531912e+00
8.550996e-01
-1.187551e+00
-3.211916e-01
-2.684416e-01
-1.725982e+00
-1.497522e+00
-7.974440e-01
-8.852229e-01
-1.659618e+00
-7.549644e-02
1.414358e+00
1.843544e+00
1.483463e+00
1.720583e+00
9.319655e-01
-1.132051e-02
8.642203e-01
-8.691517e-01
-9.003360e-01
-3.345811e-01
-8.192460e-01
-6.712938e-01
-4.921849e-01
3.163183e-01
-9.402795e-01
-7.171663e-01
-1.714986e+00
-1.545698e+00
-1.216726e-02
-7.165243e-02
-1.678653e+00
-1.923799e-01
-1.288749e-01
8.656585e-01
2.414154e+00
-5.861173e-02
-1.455148e+00
-4.362994e-02
1.314784e-01
7.836548e-01
-8.319104e-01
-1.620551e+00
1.273782e-02
-1.029465e-01
-8.915061e-01
-2.500067e+00
-1.608358e+00
1.681909e+00
4.149928e-01
1.123291e-01
-5.995129e-01
7.442820e-01
-8.887389e-01
-2.398689e+00
-3.196460e-02
-7.658163e-01
1.586579e-02
-6.477255e-01
-6.079600e-01
-1.078167e+00
-1.744968e+00
-9.252379e-01
-1.638506e+00
-2.624333e+00
1.271929e+00
-6.057340e-02
-4.966374e-01
-8.813728e-01
-1.333884e+00
-5.791606e-01
-1.052207e+00
-1.892842e+00
-1.795789e+00
-2.898678e-01
9.123486e-01
6.946248e-01
8.677813e-01
-1.695919e+00
-1.948563e+00
-3.106816e+00
5.902263e-03
-1.772905e+00
8.117710e-01
1.839851e+00
1.487587e+00
7.392617e-01
1.872599e-01
-8.703625e-01
-1.594271e+00
-9.453292e-01
-1.579176e+00
-2.309865e+00
-1.488092e+00
-8.424924e-01
-9.972368e-01
-8.965104e-02
7.743842e-01
-2.670091e-02
-8.133234e-01
-4.529824e-01
6.151273e-01
7.902399e-01
-7.701207e-01
7.920723e-01
-4.242564e-01
1.105679e-02
1.030396e+00
1.583266e+00
1.778845e-01
9.754027e-01
1.808426e+00
2.223088e+00
9.904434e-01
-1.859418e-02
-6.514932e-01
-2.466140e+00
-1.089630e+00
3.102489e-01
-8.706600e-02
6.245250e-02
-6.020305e-01
2.400127e-01
1.078230e-01
-9.993879e-02
2.306562e+00
2.322593e+00
1.797690e+00
8.735862e-01
8.506580e-01
9.986713e-01
1.608842e+00
7.276847e-01
-1.623192e+00
7.707777e-01
2.223035e-02
9.626154e-01
5.742254e-01
-7.160365e-01
-1.136823e+00
-8.222573e-01
-7.950914e-01
-3.528364e-01
2.526689e-01
-1.251082e+00
-1.519876e+00
8.997501e-01
1.017235e+00
3.295486e-02
2.500288e+00
2.042804e+00
1.757729e-01
5.744098e-01
-1.023099e+00
-8.157103e-01
-2.723239e-01
1.785352e+00
1.806513e+00
-2.357854e-01
9.621612e-02
-7.500452e-01
7.756833e-01
6.833052e-01
-1.390841e-02
-2.646051e-01
6.976203e-01
-2.623661e-02
-6.379070e-01
-8.568379e-01
3.445754e-01
4.288780e-01
8.995240e-01
9.049740e-01
-1.520147e+00
-9.082240e-01
-6.258602e-01
1.155271e-01
-8.191949e-01
-2.679066e+00
-1.984157e+00
-2.443622e+00
-7.942166e-01
-2.217269e+00
-2.396332e+00
-2.459901e+00
-1.475092e+00
-4.091589e+00
-7.821266e-01
1.534608e-01
-5.229898e-02
-2.033728e+00
-8.968413e-01
1.490088e-01
-3.619411e-01
-1.730917e+00
-2.675398e+00
-1.685971e+00
-2.312316e+00
-8.895207e-01
4.154981e-03
-1.801751e-01
1.516556e+00
-7.536934e-02
-2.636901e+00
-1.723464e+00
-2.354604e+00
-6.724799e-01
7.519850e-01
7.191362e-01
4.976485e-01
-2.711818e+00
-1.318862e+00
-1.325358e+00
-7.247383e-01
-8.970705e-01
-1.409753e-01
8.412156e-01
1.386923e+00
1.381430e+00
8.803605e-01
-2.633579e-02
-2.216094e-01
1.796767e+00
1.148760e-01
7.506129e-01
-7.997699e-02
-8.077280e-01
1.518641e+00
2.147024e+00
1.770778e+00
1.200233e+00
-1.677592e-01
1.597737e+00
-5.664392e-01
-5.799991e-01
-5.464346e-02
1.476686e-01
9.280676e-01
6.054882e-01
8.845678e-01
5.715987e-01
1.631351e+00
6.230629e-01
2.318779e+00
-7.793647e-01
1.080183e-01
1.365256e+00
-5.383349e-01
-7.089260e-01
-1.594429e+00
-9.573107e-01
-8.957885e-01
-1.751855e+00
5.147668e-01
7.437299e-01
4.463645e-01
1.221805e-01
6.183622e-01
7.284305e-02
-9.217007e-01
-7.845726e-01
-2.492767e-01
-6.734430e-01
-9.060296e-01
-8.195934e-01
1.401246e-01
-5.148131e-01
-8.611866e-01
-5.907743e-02
-1.866970e+00
-1.883454e+00
-3.801489e+00
-1.512073e+00
6.763270e-01
2.579865e+00
-8.200351e-02
2.645703e-02
4.911282e-02
-5.274657e-02
-4.586940e-01
-1.239038e+00
-1.966745e+00
-2.493814e+00
-3.381825e+00
-2.384364e+00
6.174188e-01
-1.205244e-01
1.561430e+00
1.780552e+00
1.699708e+00
1.672899e+00
1.619227e+00
7.942408e-01
9.780441e-01
6.021732e-01
6.300861e-01
-1.756943e+00
-1.875067e+00
-2.383678e+00
-5.065087e-02
1.403383e-01
3.892491e-01
6.827981e-01
7.428632e-01
-1.579248e+00
-2.338317e+00
-8.399646e-01
-7.860979e-01
1.727352e+00
-8.697443e-01
-3.416372e+00
-1.496797e+00
-4.119771e+00
-6.623084e-01
-8.593270e-01
-8.164953e-01
1.081325e-01
5.964417e-01
1.013980e-01
-3.946588e-01
1.520528e-01
1.822070e-01
-1.662741e+00
-2.907010e+00
-1.640063e+00
-2.473235e+00
-3.256962e+00
-1.440513e+00
-3.584349e-02
8.205715e-02
1.561266e+00
8.009175e-01
2.005065e+00
9.724815e-01
-2.998668e-01
4.167195e-02
-9.728380e-01
-9.454309e-01
-2.221841e+00
-2.682966e+00
-3.543689e+00
-2.979798e+00
-6.926320e-01
9.330641e-01
-6.912555e-01
-7.768146e-01
-5.769846e-01
4.653646e-02
8.702685e-01
8.619141e-01
1.316098e+00
-3.866408e-01
5.336005e-01
1.654728e+00
8.586580e-01
-9.466418e-01
-7.619118e-01
6.993904e-02
-8.962289e-01
-1.100027e+00
-7.580425e-01
-3.335065e+00
-2.573217e+00
-1.415472e+00
-4.858681e+00
-2.376431e+00
-8.284647e-01
-5.155226e-01
-2.892819e-01
-2.128326e-01
-8.054117e-01
-1.373136e+00
-8.730445e-02
1.497577e-01
-1.641393e+00
1.837307e+00
1.629772e+00
1.865091e+00
8.808415e-01
2.498430e+00
1.695332e+00
2.496118e+00
1.003225e+00
2.441726e+00
4.184752e+00
2.850069e+00
2.091225e+00
1.284298e+00
7.150679e-01
2.395037e+00
6.405921e-01
5.812338e-01
1.675923e+00
1.777110e+00
-1.078348e+00
-8.691387e-01
-1.718907e-03
-1.717650e+00
-1.445227e+00
1.582151e-01
-1.600782e+00
-2.439449e+00
2.613677e-01
2.161755e+00
7.194912e-01
6.780485e-01
8.081215e-01
-7.414868e-03
-8.710730e-01
-1.538958e+00
-1.748810e+00
6.463241e-01
1.654364e+00
1.677896e+00
2.488590e+00
1.820048e+00
1.867267e+00
1.598232e+00
8.378323e-01
9.332286e-02
7.605910e-01
-1.427362e+00
-1.553403e+00
-1.656270e+00
-2.597297e+00
-1.675058e+00
-7.911744e-01
-5.624865e-01
-1.957962e+00
-1.625103e+00
-4.645243e-03
-1.454238e+00
9.449246e-01
2.408116e-01
-8.192510e-01
-7.366895e-02
1.555035e-01
-6.531600e-01
-1.534690e+00
-1.733898e+00
-1.968620e+00
-1.441984e+00
-1.623478e-01
-2.712538e-01
-8.057357e-01
-1.685246e+00
-2.217661e+00
-1.710928e+00
2.967162e-01
4.346695e-01
1.464732e+00
1.567973e+00
1.564124e+00
1.640963e-01
-7.184275e-01
3.256553e-02
1.709778e+00
5.154689e-01
7.668094e-01
-7.897435e-01
-8.038904e-01
-2.540328e+00
-6.874476e-01
-1.682529e+00
-2.408579e+00
-2.545035e+00
-1.764518e+00
-5.665899e-02
-1.689698e+00
-1.373890e-01
-1.788069e-02
-8.614909e-01
-1.651578e-01
1.696492e+00
-8.265143e-01
-2.215113e-01
7.547791e-01
1.816964e+00
-4.764402e-02
8.370801e-01
2.493781e-01
-4.757005e-02
5.708315e-01
-4.454736e-01
-9.781100e-01
-1.700650e+00
-8.763565e-01
-8.046171e-01
-1.695705e+00
-1.870564e+00
-8.568236e-01
-7.450186e-01
-1.064572e-01
4.403240e-02
-1.041716e-01
1.489351e+00
1.476798e+00
1.105565e-01
-1.340273e+00
1.384921e+00
7.783348e-01
6.813410e-01
1.744394e-01
-1.572993e+00
6.495111e-01
9.080883e-01
-1.097936e+00
-1.768403e+00
-1.931085e+00
-1.609211e+00
-1.606232e+00
-3.800706e+00
-9.198966e-01
-2.132188e-01
-1.486028e+00
8.725028e-01
-4.088827e-01
7.120016e-01
-9.622965e-01
-8.469173e-01
8.702131e-01
1.412443e+00
-1.682083e+00
-1.626036e+00
-1.604157e+00
-3.365032e+00
-1.929691e+00
-8.847710e-01
-2.589252e+00
-4.814503e-01
1.807476e-01
-6.338429e-02
1.428998e+00
8.025540e-01
5.880266e-01
1.831193e+00
1.653867e+00
1.820009e+00
6.784938e-01
-7.089643e-01
-3.187795e-02
6.552760e-01
1.786656e+00
-8.837140e-01
7.419626e-02
-8.036313e-01
-3.708135e-02
3.826041e-01
-1.081767e+00
9.628848e-01
1.578695e+00
1.279554e+00
2.650058e+00
1.068184e+00
8.854008e-01
1.340460e+00
2.511698e+00
3.034902e+00
2.170800e+00
1.313095e+00
1.385567e+00
-8.808881e-01
-5.572102e-01
-2.366769e+00
-1.519051e-01
-1.372533e+00
-9.723577e-01
-1.133264e+00
1.240920e+00
1.034175e-01
3.980216e-01
-9.267995e-01
6.458866e-02
9.638247e-01
-8.281765e-01
9.298380e-01
8.249861e-01
1.381512e-01
-1.441788e+00
8.400830e-01
6.181389e-01
1.635124e+00
1.554205e+00
6.655852e-01
1.558469e-01
-3.256706e-01
-8.107792e-01
-8.706065e-01
-8.279118e-01
4.596474e-02
-7.612280e-01
-7.188687e-01
-8.002134e-01
2.291105e-01
-9.405525e-02
-1.514469e-01
1.532893e+00
1.599021e+00
2.594975e+00
1.690577e+00
1.459114e+00
1.658669e+00
-2.525187e-02
3.958754e-01
-5.645762e-01
-8.326707e-01
1.004168e+00
1.586163e+00
2.369124e+00
-2.953226e-01
1.547239e+00
5.763708e-01
1.006296e+00
6.691399e-01
-5.540793e-01
2.204839e+00
2.465805e+00
8.214438e-01
6.905384e-01
-7.531767e-01
-3.064995e-01
3.146120e-01
1.839065e+00
-1.888086e-01
-1.006254e+00
-2.161682e-02
-1.039350e+00
-9.695829e-01
1.916320e+00
-8.227420e-01
-3.427370e-02
8.171760e-01
-1.029692e+00
-8.413123e-01
-6.238994e-01
-1.091874e-02
-1.655365e+00
4.719006e-02
7.100415e-01
-2.810710e-01
-1.021296e+00
-9.109477e-01
9.185141e-01
1.400894e+00
7.013497e-01
2.261302e+00
-1.135160e-01
-5.499146e-01
1.910662e-02
-7.362838e-01
-7.697786e-01
-1.106715e+00
-5.804953e-01
-8.182996e-01
-7.780556e-01
-7.180958e-01
-2.497461e+00
-7.754240e-01
2.315846e+00
2.114403e+00
8.579794e-01
-1.519945e+00
7.814976e-01
5.408714e-03
8.941898e-01
3.346379e-01
8.036724e-01
6.884064e-01
-2.240747e+00
-1.592487e+00
1.782848e+00
1.364288e+00
7.568302e-01
6.796146e-01
-7.459424e-01
2.153008e+00
1.008495e+00
-3.292387e+00
-1.826332e+00
-2.916709e+00
-1.312457e+00
-1.615323e+00
-1.926775e+00
-2.897721e+00
-2.111348e+00
-1.534434e+00
-1.579002e+00
-1.655718e+00
-9.227097e-01
-2.458437e+00
-1.593618e+00
-6.166840e-01
-1.232830e+00
-1.616358e+00
7.444221e-02
-8.183107e-02
-1.040171e-01
-7.972711e-01
-1.039138e+00
-3.029274e-01
-1.019023e+00
-1.352389e+00
-1.757904e+00
-2.494882e+00
-2.050343e-03
-9.740073e-01
7.687219e-01
-7.043373e-01
-1.595936e-01
-9.634843e-02
-1.530800e+00
-9.235418e-01
7.613765e-01
-4.040457e-01
-1.206884e-01
-1.891039e-01
1.020977e+00
8.488598e-01
2.314733e+00
1.580082e+00
1.742762e+00
-5.364108e-01
