-2.161243e-02
-4.846045e-02
-3.126964e-02
7.954977e-03
-1.277251e-01
8.403190e-01
9.365679e-01
1.847483e+00
-1.717917e-02
-9.194538e-01
7.209687e-01
-9.215893e-01
9.051359e-01
6.853647e-01
-2.697634e+00
-3.648953e+00
-2.543232e+00
-1.739541e+00
-2.068448e-02
8.436767e-01
8.998156e-01
8.738850e-01
-1.217417e-01
9.362092e-01
6.952103e-01
-8.198062e-01
-9.131302e-01
1.318490e-01
-2.769466e+00
-1.459714e+00
1.759618e+00
1.930797e+00
-1.849311e+00
-8.820527e-01
6.548438e-02
-8.368201e-01
-2.715984e+00
-2.768205e+00
-8.792769e-01
-9.138075e-01
-1.747126e+00
3.671529e-02
1.167243e+00
8.177102e-01
-3.477863e-02
-1.766330e+00
-9.698515e-01
-8.958384e-01
-1.872388e+00
2.109497e-01
9.648430e-01
2.729769e+00
2.713937e+00
1.873281e+00
3.589048e+00
4.529256e+00
1.711399e+00
1.096639e-02
-9.408082e-01
2.781614e+00
1.855074e+00
1.837749e+00
-6.189316e-03
-9.542195e-01
-9.461179e-01
-1.840644e+00
-1.847361e+00
-1.484088e+00
-2.891251e-02
4.389813e-01
5.027271e-02
3.439482e+00
3.644702e+00
1.858712e+00
9.620266e-01
-5.473754e-01
-9.057066e-01
8.551250e-01
2.739105e+00
2.767464e+00
1.770548e+00
1.685784e-01
-1.831006e+00
3.008119e-02
-8.227350e-01
8.666134e-01
8.760870e-01
-4.732245e-02
-9.711106e-01
-8.810639e-01
-9.418203e-01
3.336803e-03
7.216808e-02
-2.892043e-02
7.913077e-03
-9.604779e-01
-2.641441e-02
-1.631518e-02
9.012412e-01
9.193197e-01
-9.407230e-01
8.919926e-01
3.009196e+00
2.754893e+00
1.766790e+00
9.062771e-01
-5.111152e-03
6.422672e-02
-8.751024e-01
2.164578e-02
-1.741562e+00
-8.722538e-01
-9.544153e-01
-1.976302e-02
9.037134e-01
8.867134e-01
-9.072123e-01
-1.875433e-02
8.842523e-01
-7.019713e-01
4.013906e-02
-7.159636e-03
-1.004912e+00
-9.558701e-01
-2.658218e+00
-9.129509e-01
9.291120e-01
8.932950e-01
2.776288e+00
1.829069e+00
9.389239e-01
1.837740e+00
8.601179e-01
-4.524371e-03
2.739511e-01
-8.833813e-01
1.888370e-01
-8.375529e-01
1.913659e+00
1.142076e+00
2.080395e-02
8.678767e-01
9.415748e-01
8.782966e-01
1.965879e-02
-6.713635e-02
-1.856103e+00
-1.834037e+00
-7.899078e-01
-2.283645e-02
-9.513109e-01
9.436279e-01
5.519683e-02
1.886523e+00
2.659425e+00
1.829343e+00
-8.847511e-01
-7.619752e-02
-2.717805e+00
-2.703397e+00
-2.709201e+00
-8.096467e-01
-9.093281e-01
3.992760e-02
2.265451e-01
1.747299e+00
8.244686e-01
7.545559e-01
1.805075e+00
-1.843257e+00
-1.075680e+00
-2.520390e+00
-8.980581e-01
-8.928540e-01
-9.136556e-01
-8.495284e-01
-1.068717e+00
-1.805215e+00
-1.845576e+00
-7.261054e-03
-8.586002e-01
-9.311743e-01
-9.774731e-01
-1.814118e+00
-1.806516e+00
-8.835484e-01
-3.749696e+00
-2.647290e+00
-1.882309e+00
-1.074163e+00
1.844120e+00
2.765940e+00
-8.886479e-01
9.051406e-01
8.865840e-01
-1.775785e+00
-1.010541e+00
-1.898955e+00
-8.983115e-01
1.844158e+00
8.997783e-01
8.286299e-01
8.198622e-01
-9.505615e-01
-8.801698e-01
-6.210006e-02
8.845077e-01
9.279565e-01
-1.005333e+00
-1.001850e-02
1.692446e+00
3.151235e+00
3.622907e+00
3.539995e+00
2.768900e+00
1.854282e+00
9.087271e-01
8.904593e-01
-9.419500e-01
-7.821985e-01
-1.418165e+00
4.196469e-02
1.145258e-02
8.242674e-03
3.923866e-02
-1.386642e-02
-9.453240e-01
8.790806e-01
9.327331e-01
3.694433e-02
1.834022e+00
2.598982e+00
1.742940e+00
2.764956e+00
2.742662e+00
1.795201e+00
1.855286e+00
1.692700e+00
1.477664e+00
2.763065e+00
8.820792e-01
1.783714e+00
9.889172e-01
1.895259e+00
9.620592e-01
3.162126e-02
8.972892e-01
-9.690486e-01
-2.617653e+00
-2.785537e+00
-8.883983e-01
-9.503070e-01
-1.860414e+00
-3.652804e+00
-2.750934e+00
-1.817018e+00
-9.542917e-01
-9.587246e-01
9.044115e-01
-5.560289e-03
1.891893e+00
9.301004e-01
1.839467e+00
9.667200e-01
-1.831375e+00
-3.529228e-02
8.748788e-01
1.598509e-02
6.450148e-01
9.159664e-01
8.776545e-03
1.281189e-01
9.469406e-01
2.753738e+00
3.548772e+00
1.785011e+00
1.813629e+00
1.812483e+00
9.092622e-01
1.777892e+00
9.432392e-01
-9.881060e-01
-1.212398e-01
-5.010835e-02
-1.850486e+00
-1.662921e+00
-9.034741e-01
-9.894032e-01
-1.808913e+00
-1.214066e-02
1.840593e+00
1.892364e+00
1.777362e+00
1.778800e+00
9.425767e-01
-1.509435e-02
9.666559e-01
-8.760290e-01
-8.305916e-01
-6.527574e-01
-8.590500e-01
-8.469811e-01
-1.449796e-01
1.987901e-02
-9.269665e-01
-7.755218e-01
-1.840157e+00
-1.791320e+00
1.698748e-02
1.805314e-03
-1.775742e+00
-4.732340e-02
-7.093883e-02
8.968743e-01
2.718199e+00
-2.941843e-02
-1.768697e+00
2.037860e-02
7.255143e-02
8.097566e-01
-8.599766e-01
-1.806453e+00
-8.586016e-03
-3.167477e-02
-9.333636e-01
-2.745003e+00
-1.802465e+00
1.844630e+00
8.185244e-01
4.017382e-02
-9.022379e-01
9.253058e-01
-9.002750e-01
-2.600106e+00
-1.423619e-02
-8.756262e-01
2.293233e-02
-9.494227e-01
-8.612175e-01
-1.036726e+00
-1.883068e+00
-9.048900e-01
-1.825181e+00
-2.724612e+00
1.101943e+00
-2.491231e-02
-7.345298e-01
-8.925732e-01
-1.719665e+00
-7.685563e-02
-9.558750e-01
-1.978584e+00
-1.886880e+00
-5.480658e-03
9.583151e-01
9.987954e-01
9.317255e-01
-1.843584e+00
-1.888922e+00
-3.532210e+00
3.975498e-02
-1.823596e+00
8.519047e-01
1.821908e+00
1.781190e+00
9.101502e-01
-2.357583e-03
-9.543345e-01
-1.822412e+00
-8.860442e-01
-1.820757e+00
-2.701876e+00
-1.756711e+00
-9.454877e-01
-9.254507e-01
6.633125e-02
9.356470e-01
-3.249592e-02
-8.980811e-01
-2.712726e-01
9.101291e-01
9.254698e-01
-8.621057e-01
9.002814e-01
-1.025556e-01
1.048548e-02
9.002463e-01
1.829913e+00
5.422881e-02
9.578525e-01
1.859963e+00
2.684878e+00
9.146018e-01
-3.123285e-02
-9.358729e-01
-2.770493e+00
-9.678399e-01
2.498468e-02
-6.917609e-02
-3.894807e-02
-9.020477e-01
8.586123e-02
8.501323e-03
-1.250121e-02
2.719691e+00
2.698666e+00
1.825399e+00
9.357454e-01
9.632529e-01
9.875519e-01
1.839253e+00
8.748024e-01
-1.821273e+00
8.611419e-01
8.386261e-04
9.164382e-01
7.257104e-01
-9.235278e-01
-9.438017e-01
-9.077986e-01
-8.983110e-01
-7.344467e-01
-3.767061e-02
-1.774010e+00
-1.734131e+00
8.840292e-01
9.582740e-01
6.882890e-02
2.582198e+00
2.180820e+00
7.040879e-02
8.922024e-01
-1.618789e+00
-9.736888e-01
-9.205642e-02
1.886888e+00
1.873343e+00
2.485937e-02
-1.134719e-02
-9.387144e-01
8.944993e-01
8.376397e-01
-3.481203e-03
-7.756255e-03
9.080566e-01
-7.834473e-02
-9.140089e-01
-9.474142e-01
4.865633e-02
6.044338e-01
1.062819e+00
8.847664e-01
-1.797688e+00
-9.307524e-01
-8.477942e-01
1.524159e-02
-9.071264e-01
-2.742091e+00
-2.357921e+00
-2.698937e+00
-9.407448e-01
-2.679997e+00
-2.713260e+00
-2.739275e+00
-1.728780e+00
-4.521861e+00
-9.015426e-01
1.778513e-02
-1.168105e-02
-2.531726e+00
-9.247290e-01
1.564785e-01
-8.618924e-01
-1.797356e+00
-2.768444e+00
-1.775119e+00
-2.597614e+00
-9.015005e-01
-1.297785e-01
-7.451030e-02
1.792759e+00
4.414278e-02
-2.764180e+00
-1.810534e+00
-2.760986e+00
-9.022200e-01
8.421031e-01
9.336443e-01
2.432570e-02
-2.695640e+00
-1.824785e+00
-1.747949e+00
-8.401600e-01
-9.442555e-01
-1.672734e-02
9.539910e-01
1.655245e+00
1.783339e+00
8.996082e-01
-1.340481e-02
2.289468e-02
1.831837e+00
-1.064528e-01
8.908962e-01
-6.802228e-02
-9.074444e-01
1.753767e+00
2.149487e+00
1.791035e+00
1.195414e+00
-2.797659e-02
1.865898e+00
-8.759099e-01
-8.575566e-01
2.929784e-02
7.240105e-02
9.118982e-01
8.893103e-01
8.959820e-01
8.402359e-01
1.876811e+00
8.999263e-01
2.650782e+00
-8.927642e-01
1.191175e-01
1.656557e+00
-6.702797e-01
-7.850377e-01
-1.827347e+00
-9.229730e-01
-9.322772e-01
-1.862292e+00
8.448023e-01
8.951640e-01
5.510159e-02
1.101357e-01
8.440980e-01
-3.181727e-03
-9.254425e-01
-9.098544e-01
-1.079770e-01
-8.787618e-01
-8.899877e-01
-9.076143e-01
4.085073e-02
-8.949143e-01
-8.434872e-01
-1.505374e-02
-1.904948e+00
-1.975660e+00
-4.490917e+00
-1.955598e+00
8.576794e-01
2.819630e+00
-7.300173e-02
1.620070e-02
-2.897697e-02
-4.947625e-02
-8.324444e-01
-1.674473e+00
-1.866445e+00
-2.750737e+00
-3.578713e+00
-2.758086e+00
6.791520e-01
2.313608e-02
1.657308e+00
1.851414e+00
1.824011e+00
1.821861e+00
1.717937e+00
9.158862e-01
9.524079e-01
7.965392e-01
1.379147e-01
-1.895823e+00
-2.649061e+00
-2.696526e+00
-5.473568e-03
-9.220780e-03
8.912029e-01
8.498132e-01
8.874821e-01
-1.849936e+00
-2.994357e+00
-9.434407e-01
-8.868360e-01
1.814343e+00
-9.768533e-01
-3.641354e+00
-1.753577e+00
-4.450429e+00
-8.847590e-01
-9.657182e-01
-9.241384e-01
7.155157e-02
8.888608e-01
3.416863e-02
-3.916886e-01
1.565376e-02
6.087934e-02
-2.581379e+00
-3.317835e+00
-1.795309e+00
-2.766778e+00
-3.712260e+00
-1.085411e+00
1.500525e-02
3.577753e-03
1.784723e+00
9.812294e-01
1.913290e+00
1.616071e+00
-6.938340e-02
2.479232e-04
-9.694923e-01
-8.691653e-01
-2.540786e+00
-2.762777e+00
-3.653765e+00
-3.545161e+00
-9.048912e-01
9.849031e-01
-9.165943e-01
-8.929216e-01
-9.403468e-01
-1.800260e-02
9.131294e-01
8.584499e-01
1.735006e+00
-7.966240e-01
9.345707e-01
1.863435e+00
9.195788e-01
-9.106025e-01
-9.720425e-01
4.226506e-02
-9.038063e-01
-9.766409e-01
-1.076947e+00
-3.594017e+00
-2.795420e+00
-1.761870e+00
-5.435416e+00
-2.702051e+00
-9.305330e-01
-8.492057e-01
-1.184992e-01
-7.516689e-02
-9.412704e-01
-1.533272e+00
-5.780587e-02
3.642747e-02
-1.807210e+00
1.798903e+00
1.862405e+00
1.931262e+00
9.815468e-01
2.763856e+00
1.810579e+00
2.710846e+00
8.710124e-01
2.692007e+00
4.593545e+00
2.867309e+00
2.653048e+00
9.621285e-01
9.516010e-01
2.693015e+00
9.384810e-01
9.398394e-01
1.757031e+00
1.835175e+00
-1.093451e+00
-8.467496e-01
-4.996926e-02
-1.804346e+00
-1.803833e+00
3.213114e-02
-1.860837e+00
-2.715204e+00
3.802050e-02
1.929050e+00
9.477282e-01
8.536106e-01
8.976788e-01
1.116104e-01
-8.831725e-01
-1.748616e+00
-1.840923e+00
9.147205e-01
1.877295e+00
1.913550e+00
2.686294e+00
1.962105e+00
1.820484e+00
1.754584e+00
9.257603e-01
-5.229554e-02
9.219063e-01
-1.156779e+00
-1.780341e+00
-1.750558e+00
-2.750977e+00
-1.804924e+00
-9.539123e-01
-8.592363e-01
-1.843993e+00
-1.812178e+00
9.070906e-02
-1.737623e+00
8.988749e-01
4.310082e-01
-8.957697e-01
-1.162919e-02
1.125523e-01
-8.340505e-01
-1.784585e+00
-1.845197e+00
-1.885466e+00
-1.612034e+00
-1.480002e-01
-1.057559e-01
-9.999203e-01
-1.752394e+00
-2.636957e+00
-1.813817e+00
6.985612e-03
9.025038e-02
1.778190e+00
1.848662e+00
1.769259e+00
-3.075978e-02
-9.313235e-01
7.106177e-02
1.762702e+00
8.518438e-01
8.537405e-01
-9.054023e-01
-8.986229e-01
-2.708883e+00
-4.180309e-01
-1.819379e+00
-2.661789e+00
-2.740273e+00
-1.818985e+00
-5.791983e-02
-1.854929e+00
-5.354459e-02
1.793712e-02
-1.222731e+00
5.848941e-02
1.831881e+00
-9.155219e-01
-4.267365e-01
9.022864e-01
1.871561e+00
-3.813738e-03
8.433602e-01
8.496211e-02
-2.854447e-02
2.949516e-01
-3.007188e-02
-1.014672e+00
-1.830236e+00
-8.890687e-01
-9.880423e-01
-1.744172e+00
-1.835156e+00
-9.046190e-01
-9.205659e-01
7.735256e-03
7.172448e-02
-8.229425e-03
1.801482e+00
1.648710e+00
3.233818e-02
-1.553885e+00
1.748810e+00
9.380180e-01
9.096940e-01
4.962533e-02
-1.802423e+00
9.217920e-01
9.768602e-01
-1.779409e+00
-2.008723e+00
-1.908436e+00
-1.786162e+00
-1.812875e+00
-3.917132e+00
-1.110675e+00
-3.951285e-02
-1.873961e+00
9.012950e-01
-7.866069e-02
8.558160e-01
-9.349379e-01
-8.885918e-01
9.014739e-01
1.849835e+00
-1.748856e+00
-1.799129e+00
-1.806919e+00
-3.661599e+00
-2.274996e+00
-9.707710e-01
-2.722480e+00
-8.525506e-01
-7.773677e-02
-2.681778e-02
1.847910e+00
9.128103e-01
7.255076e-01
1.863462e+00
1.808895e+00
1.891630e+00
8.207289e-01
-9.417157e-01
1.001988e-02
7.068784e-01
1.861598e+00
-8.620765e-01
-3.152793e-02
-9.238629e-01
-6.639762e-02
5.691391e-02
-9.318479e-01
9.692989e-01
1.831926e+00
1.655817e+00
2.804096e+00
1.308046e+00
9.007430e-01
1.772889e+00
2.760234e+00
3.643659e+00
2.741483e+00
1.787217e+00
1.688166e+00
-9.342989e-01
-8.649174e-01
-2.557292e+00
-2.700002e-01
-1.784664e+00
-9.442477e-01
-9.749513e-01
9.570477e-01
-2.611753e-02
2.651597e-01
-9.043298e-01
1.605586e-02
9.184184e-01
-9.706548e-01
9.187060e-01
9.390518e-01
-5.717890e-02
-1.102367e+00
9.205983e-01
8.410359e-01
1.839903e+00
1.776352e+00
8.474584e-01
1.837300e-02
-8.559428e-01
-9.243936e-01
-9.795996e-01
-9.012599e-01
-2.170072e-02
-9.234137e-01
-8.639236e-01
-9.139288e-01
9.161445e-02
-4.044747e-02
-2.058127e-02
1.701540e+00
1.710470e+00
2.726707e+00
1.875767e+00
1.691249e+00
1.845998e+00
-3.141540e-02
7.741853e-02
-8.766140e-01
-9.302187e-01
9.832769e-01
1.784053e+00
2.731640e+00
-2.028439e-03
1.767589e+00
8.276097e-01
1.063886e+00
4.227587e-01
-7.237495e-01
2.585974e+00
2.730573e+00
9.489501e-01
9.378304e-01
-8.922097e-01
-4.277504e-02
1.880967e-01
1.826182e+00
-1.873000e-01
-9.644422e-01
3.602467e-02
-9.367950e-01
-9.096883e-01
1.764597e+00
-9.812757e-01
-8.193217e-03
9.001314e-01
-9.192883e-01
-8.227965e-01
-8.592156e-01
-2.022948e-02
-1.787422e+00
9.914143e-03
1.160259e+00
-2.001566e-03
-9.738805e-01
-8.280434e-01
9.008995e-01
1.720062e+00
9.302016e-01
2.615663e+00
8.530081e-02
-8.620189e-01
6.997908e-02
-9.256065e-01
-9.022195e-01
-9.742215e-01
-2.945289e-01
-9.753342e-01
-8.691943e-01
-8.660996e-01
-2.739591e+00
-9.256498e-01
2.590476e+00
2.599986e+00
9.157714e-01
-1.823850e+00
9.095731e-01
3.780284e-03
8.730193e-01
3.906611e-01
8.784837e-01
9.153469e-01
-2.733421e+00
-1.819043e+00
1.827510e+00
1.797532e+00
9.095045e-01
1.061183e+00
-9.214692e-01
2.236454e+00
9.812586e-01
-3.708342e+00
-1.870329e+00
-3.469217e+00
-1.748896e+00
-1.807204e+00
-1.927560e+00
-3.603569e+00
-2.642212e+00
-1.737284e+00
-1.726952e+00
-2.014635e+00
-9.440780e-01
-2.754172e+00
-1.816574e+00
-9.467868e-01
-1.632559e+00
-1.833400e+00
3.742998e-02
4.777528e-02
-3.941529e-02
-8.981186e-01
-8.799107e-01
-1.337176e-01
-9.780253e-01
-1.679688e+00
-1.905226e+00
-2.631890e+00
-1.442208e-02
-9.782333e-01
8.644112e-01
-9.137570e-01
-5.847007e-02
1.692886e-02
-1.792230e+00
-9.187800e-01
9.397352e-01
-5.774027e-02
-4.187906e-03
-3.258519e-02
8.464699e-01
8.971817e-01
2.713863e+00
1.760963e+00
1.880258e+00
-3.958663e-02
