-1.119056e-02
-8.356434e-03
-2.048541e-02
-6.639607e-03
-2.525784e-01
9.254895e-01
9.599402e-01
1.888367e+00
6.396853e-02
-9.506532e-01
8.277344e-01
-9.376495e-01
1.001059e+00
9.236788e-01
-2.830110e+00
-3.834643e+00
-2.803169e+00
-1.886341e+00
-3.469625e-02
9.465922e-01
9.837179e-01
9.585735e-01
-1.116078e-01
9.840380e-01
1.001002e+00
-8.819292e-01
-9.727816e-01
1.605936e-03
-2.851621e+00
-9.598247e-01
1.832311e+00
1.950214e+00
-1.911184e+00
-9.514489e-01
2.675746e-02
-8.442810e-01
-2.871675e+00
-2.858385e+00
-9.379811e-01
-9.557290e-01
-1.856401e+00
2.392375e-02
1.300360e+00
9.041030e-01
-2.089380e-02
-1.874142e+00
-9.888388e-01
-9.597748e-01
-1.916805e+00
9.332258e-01
9.835732e-01
2.859752e+00
2.859935e+00
1.931952e+00
3.751771e+00
4.772353e+00
1.858858e+00
-4.986323e-03
-9.149889e-01
2.904706e+00
1.932438e+00
1.913761e+00
-1.408756e-02
-9.588300e-01
-9.725642e-01
-1.946825e+00
-1.918953e+00
-1.748552e+00
-2.134535e-02
-7.379898e-02
1.506093e-02
3.815593e+00
3.799764e+00
1.924493e+00
9.662799e-01
-9.270763e-01
-9.569190e-01
9.271557e-01
2.880533e+00
2.893836e+00
1.917768e+00
8.660963e-01
-1.924202e+00
-3.245000e-03
-9.357468e-01
9.576984e-01
9.346662e-01
-5.569867e-02
-9.787046e-01
-9.311564e-01
-9.537651e-01
-2.502249e-03
2.030417e-02
-3.185857e-02
-8.660193e-03
-9.974836e-01
-3.390623e-03
4.540406e-03
9.616484e-01
9.230039e-01
-9.731867e-01
9.678740e-01
2.873046e+00
2.872048e+00
1.901182e+00
9.548075e-01
3.346793e-03
1.361882e-02
-9.053817e-01
-2.295766e-03
-1.896074e+00
-9.384565e-01
-9.511914e-01
2.270923e-02
9.373057e-01
1.011358e+00
-9.270219e-01
-7.950181e-03
9.144637e-01
-3.319620e-01
1.728681e-02
-2.164284e-02
-1.017417e+00
-9.801096e-01
-2.840323e+00
-9.483493e-01
9.702592e-01
9.406342e-01
2.907472e+00
1.936701e+00
9.390555e-01
1.921529e+00
9.430341e-01
2.437479e-02
1.280274e-01
-9.630897e-01
-9.852953e-03
-8.878313e-01
1.922605e+00
9.313750e-01
6.543571e-03
9.735602e-01
9.582558e-01
9.632700e-01
3.010051e-03
-8.974026e-02
-1.923076e+00
-1.912868e+00
-9.511052e-01
1.785999e-02
-9.637030e-01
9.445020e-01
1.729328e-02
1.940545e+00
2.782063e+00
1.913509e+00
-9.527494e-01
-3.140488e-02
-2.861016e+00
-2.851801e+00
-2.896574e+00
-7.864429e-01
-9.402716e-01
-2.055831e-03
6.669184e-02
1.880525e+00
9.334030e-01
8.852320e-01
1.906791e+00
-1.899662e+00
-9.785087e-01
-2.738154e+00
-9.485543e-01
-9.580710e-01
-9.588249e-01
-9.533010e-01
-9.648439e-01
-1.909312e+00
-1.942301e+00
-7.613282e-03
-9.528643e-01
-9.556511e-01
-9.909849e-01
-1.903910e+00
-1.916429e+00
-1.004268e+00
-3.857178e+00
-2.825885e+00
-1.928302e+00
-1.075124e+00
1.924152e+00
2.871941e+00
-9.614440e-01
9.347449e-01
9.180612e-01
-1.887250e+00
-1.023314e+00
-1.953979e+00
-9.630002e-01
1.916628e+00
9.764174e-01
9.237374e-01
9.139193e-01
-9.703630e-01
-9.683779e-01
-3.484953e-02
9.547245e-01
9.775122e-01
-9.304110e-01
7.637829e-03
1.807587e+00
2.884066e+00
3.807829e+00
3.758772e+00
2.925982e+00
1.915891e+00
9.797543e-01
9.370580e-01
-9.744495e-01
-8.905385e-01
-9.868882e-01
3.725578e-03
1.179305e-03
-3.536908e-03
1.997838e-02
-1.534345e-02
-9.543931e-01
9.604513e-01
9.486378e-01
3.381885e-02
1.888094e+00
2.849070e+00
1.886295e+00
2.857743e+00
2.881257e+00
1.906673e+00
1.935279e+00
1.910778e+00
9.298632e-01
2.871745e+00
9.533983e-01
1.913751e+00
9.931725e-01
1.936665e+00
9.935775e-01
-4.441462e-03
9.407807e-01
-9.739025e-01
-2.744392e+00
-2.874265e+00
-9.612891e-01
-9.567835e-01
-1.927513e+00
-3.817060e+00
-2.883137e+00
-1.897797e+00
-9.490504e-01
-9.673764e-01
9.632287e-01
5.088705e-03
2.027126e+00
9.593057e-01
1.920365e+00
9.642012e-01
-1.923045e+00
-7.850971e-03
8.941492e-01
-1.830488e-03
9.813919e-01
9.812409e-01
1.725410e-02
6.693720e-02
9.561694e-01
2.864692e+00
3.813193e+00
1.907530e+00
1.920154e+00
1.911625e+00
9.218533e-01
1.888916e+00
9.597281e-01
-1.036337e+00
-9.552577e-03
1.303533e-02
-1.927837e+00
-1.848942e+00
-9.322325e-01
-9.953034e-01
-1.840589e+00
-1.547440e-02
1.915487e+00
1.931504e+00
1.894302e+00
1.870451e+00
9.509166e-01
-8.346160e-03
9.924217e-01
-9.412734e-01
-9.453438e-01
-9.153264e-01
-8.686433e-01
-9.420770e-01
-1.681149e-02
-2.287925e-02
-9.629993e-01
-8.038934e-01
-1.921191e+00
-1.880512e+00
6.521735e-04
2.777850e-02
-1.892581e+00
-7.089869e-03
-4.466628e-02
9.442765e-01
2.889270e+00
5.096484e-03
-1.894077e+00
1.272138e-03
7.135954e-02
8.604279e-01
-9.400020e-01
-1.929971e+00
-3.005501e-02
8.329148e-04
-9.562449e-01
-2.886053e+00
-1.916189e+00
1.921450e+00
9.083341e-01
4.843780e-03
-9.601914e-01
9.522256e-01
-9.471127e-01
-2.720204e+00
1.212679e-02
-9.298440e-01
1.101403e-02
-9.728133e-01
-9.526956e-01
-1.033833e+00
-1.947723e+00
-9.523265e-01
-1.886280e+00
-2.833309e+00
1.082992e+00
-1.684528e-02
-8.143561e-01
-9.325909e-01
-1.848158e+00
6.105752e-03
-9.750627e-01
-1.957329e+00
-1.949569e+00
2.396576e-02
9.821706e-01
9.997436e-01
9.638998e-01
-1.910000e+00
-1.935755e+00
-3.751055e+00
8.291368e-03
-1.914992e+00
8.545453e-01
1.867175e+00
1.890820e+00
9.685494e-01
3.625158e-03
-9.720884e-01
-1.920470e+00
-9.668461e-01
-1.886799e+00
-2.875452e+00
-1.900105e+00
-9.510498e-01
-9.692357e-01
5.028043e-02
9.622037e-01
-1.615392e-02
-9.837410e-01
-8.993499e-01
9.803051e-01
9.781014e-01
-9.459060e-01
9.651964e-01
-2.455931e-02
-1.805185e-03
9.313209e-01
1.922606e+00
4.754943e-03
9.589490e-01
1.943294e+00
2.843426e+00
9.537163e-01
-2.946074e-02
-9.851525e-01
-2.874247e+00
-9.717087e-01
-3.885435e-03
-3.583998e-02
-4.208119e-02
-9.683381e-01
7.589847e-03
2.847935e-03
1.068032e-02
2.889269e+00
2.842771e+00
1.893359e+00
9.588469e-01
9.498834e-01
9.644865e-01
1.914265e+00
9.443501e-01
-1.909460e+00
8.583275e-01
2.279401e-03
9.547966e-01
9.069313e-01
-9.736021e-01
-9.247202e-01
-9.530436e-01
-9.764307e-01
-8.232226e-01
-3.082322e-02
-1.921109e+00
-1.907232e+00
9.652026e-01
9.763087e-01
5.698873e-02
2.759437e+00
1.868996e+00
3.927955e-02
9.420092e-01
-1.853933e+00
-9.570198e-01
3.156844e-03
1.997046e+00
1.898040e+00
2.280512e-02
9.473964e-03
-9.747478e-01
9.562810e-01
1.047016e+00
-4.123319e-03
-1.550675e-02
9.709360e-01
-3.292609e-02
-9.662888e-01
-9.853984e-01
2.098676e-02
9.774490e-01
1.070540e+00
9.353848e-01
-1.916986e+00
-9.686503e-01
-9.337626e-01
4.084454e-02
-9.775040e-01
-2.813712e+00
-1.925907e+00
-2.861285e+00
-9.816075e-01
-2.859479e+00
-2.878422e+00
-2.864851e+00
-1.883666e+00
-4.766386e+00
-9.561465e-01
4.590695e-03
-1.648984e-02
-2.709617e+00
-9.743147e-01
1.548063e-01
-9.428796e-01
-1.886433e+00
-2.878084e+00
-1.900960e+00
-2.724601e+00
-9.807887e-01
-2.394976e-01
-1.253302e-02
1.917445e+00
3.707407e-02
-2.847261e+00
-1.933751e+00
-2.874887e+00
-9.501662e-01
8.612889e-01
9.616139e-01
-4.667358e-02
-2.799493e+00
-1.937369e+00
-1.908445e+00
-8.841749e-01
-8.834660e-01
5.885981e-03
9.482288e-01
1.853806e+00
1.910268e+00
9.703659e-01
-2.635755e-03
8.324926e-03
1.902708e+00
-7.109137e-02
9.521947e-01
-5.779058e-03
-9.565520e-01
1.856564e+00
1.905558e+00
1.880993e+00
9.751327e-01
8.874849e-04
1.893959e+00
-9.423911e-01
-9.455258e-01
1.605434e-02
2.250038e-02
9.143853e-01
9.807507e-01
9.580958e-01
9.746778e-01
1.927777e+00
9.523475e-01
2.806100e+00
-9.219475e-01
1.169953e-01
1.735553e+00
-9.434338e-01
-8.573917e-01
-1.920383e+00
-9.676935e-01
-9.629512e-01
-1.923248e+00
9.920573e-01
9.482966e-01
1.477221e-02
5.899997e-02
9.252818e-01
-2.058237e-02
-9.416566e-01
-9.686360e-01
-1.491091e-02
-9.775362e-01
-9.587835e-01
-9.600099e-01
1.503802e-02
-9.562195e-01
-9.640913e-01
-2.502177e-02
-1.941640e+00
-1.934710e+00
-4.751691e+00
-1.981767e+00
8.799417e-01
2.865320e+00
-6.390027e-02
4.271564e-03
-1.949243e-02
1.732516e-02
-8.711014e-01
-1.869544e+00
-1.950221e+00
-2.868653e+00
-3.784530e+00
-2.868165e+00
6.386062e-01
3.189715e-02
1.822844e+00
1.901966e+00
1.924040e+00
1.912943e+00
1.686473e+00
9.419427e-01
9.745481e-01
8.898350e-01
1.330613e-03
-1.936760e+00
-2.866544e+00
-2.862732e+00
9.530986e-03
1.408478e-02
9.543031e-01
9.465292e-01
9.597738e-01
-1.915700e+00
-3.448437e+00
-9.570129e-01
-9.730843e-01
1.904219e+00
-9.728679e-01
-3.834429e+00
-1.917467e+00
-4.687504e+00
-9.599809e-01
-9.633067e-01
-9.626740e-01
3.327016e-02
9.406733e-01
3.344372e-02
-9.340060e-01
1.491212e-02
-3.384473e-03
-2.841865e+00
-3.826109e+00
-1.891676e+00
-2.884788e+00
-3.939741e+00
-9.363928e-01
1.464356e-02
-8.864152e-03
1.871529e+00
1.010091e+00
1.936588e+00
1.853356e+00
-3.948647e-02
3.126235e-02
-9.717393e-01
-8.718909e-01
-2.636532e+00
-2.876261e+00
-3.835405e+00
-3.746390e+00
-9.619792e-01
9.632812e-01
-9.671270e-01
-9.460402e-01
-9.781171e-01
-1.865680e-03
9.675115e-01
9.493259e-01
1.870678e+00
-9.155007e-01
9.986982e-01
1.905754e+00
9.786424e-01
-9.541586e-01
-9.532595e-01
9.302867e-02
-9.679053e-01
-9.731553e-01
-1.154869e+00
-3.729397e+00
-2.966342e+00
-1.883660e+00
-5.744623e+00
-2.811430e+00
-9.726407e-01
-9.464496e-01
-4.182844e-02
-3.725326e-02
-9.716247e-01
-1.696673e+00
-1.867577e-02
4.130798e-04
-1.915252e+00
1.906783e+00
1.924575e+00
1.940738e+00
9.664855e-01
2.853178e+00
1.909123e+00
2.814201e+00
9.216276e-01
2.878508e+00
4.838082e+00
2.953712e+00
2.839847e+00
9.833944e-01
9.775184e-01
2.852196e+00
9.785804e-01
9.853809e-01
1.921916e+00
1.928028e+00
-1.040761e+00
-9.855489e-01
-1.952629e-02
-1.911242e+00
-1.903487e+00
1.872725e-02
-1.914248e+00
-2.827829e+00
2.013547e-02
1.942516e+00
9.864217e-01
9.648284e-01
9.596102e-01
4.181955e-01
-9.614925e-01
-1.840089e+00
-1.887192e+00
1.007908e+00
1.944573e+00
1.892167e+00
2.835674e+00
1.963288e+00
1.894800e+00
1.915118e+00
9.664011e-01
-7.469876e-03
9.777252e-01
-9.711885e-01
-1.876945e+00
-1.873100e+00
-2.870867e+00
-1.875185e+00
-9.938838e-01
-9.536298e-01
-1.943655e+00
-1.915075e+00
3.606794e-02
-1.902018e+00
9.310166e-01
9.630286e-01
-9.459848e-01
-7.029198e-03
4.169432e-02
-8.906531e-01
-1.916427e+00
-1.894392e+00
-1.936830e+00
-1.784250e+00
-5.687430e-02
-3.798934e-02
-9.694950e-01
-1.800489e+00
-2.782529e+00
-1.909979e+00
6.315544e-03
1.242066e-02
1.866937e+00
1.932090e+00
1.922796e+00
-2.788189e-02
-9.703263e-01
8.681837e-03
1.897026e+00
9.732856e-01
8.646953e-01
-9.437197e-01
-9.368668e-01
-2.834057e+00
-5.414795e-02
-1.913267e+00
-2.775078e+00
-2.868739e+00
-1.861784e+00
-5.795618e-02
-1.935263e+00
6.022779e-03
-2.140943e-03
-1.735674e+00
1.540528e-02
1.917704e+00
-9.575871e-01
-9.530253e-01
9.536044e-01
1.936473e+00
-1.087529e-02
9.085423e-01
3.727855e-02
4.232733e-03
2.155583e-03
1.010219e-02
-1.023250e+00
-1.915693e+00
-9.509076e-01
-1.031902e+00
-1.906686e+00
-1.911018e+00
-9.536200e-01
-9.511495e-01
7.814844e-03
2.795941e-02
-2.706420e-02
1.885383e+00
9.921691e-01
9.454192e-03
-9.625406e-01
1.886027e+00
9.961577e-01
9.434640e-01
1.198164e-02
-1.908430e+00
9.573063e-01
1.060645e+00
-1.907118e+00
-2.001486e+00
-1.929229e+00
-1.897134e+00
-1.926473e+00
-3.754028e+00
-1.933458e+00
-5.679830e-03
-1.920159e+00
9.669309e-01
2.401691e-02
8.813369e-01
-9.585647e-01
-9.029265e-01
9.345119e-01
1.929229e+00
-1.824039e+00
-1.889486e+00
-1.872690e+00
-3.808269e+00
-2.870894e+00
-9.793614e-01
-2.881050e+00
-9.587674e-01
-3.139182e-02
4.537821e-03
1.952846e+00
9.965631e-01
7.839416e-01
1.891231e+00
1.911085e+00
1.937559e+00
9.364740e-01
-9.645507e-01
-2.076435e-03
-4.177827e-03
1.924394e+00
-9.533358e-01
-1.679773e-02
-1.020616e+00
-3.844875e-02
2.656007e-02
-9.434224e-01
9.542443e-01
1.901671e+00
1.743713e+00
2.873572e+00
1.918732e+00
9.609696e-01
1.921328e+00
2.893158e+00
3.850877e+00
2.885603e+00
1.924035e+00
1.748757e+00
-9.787955e-01
-9.445124e-01
-2.718540e+00
-1.225523e-01
-1.906611e+00
-9.875252e-01
-9.844234e-01
1.018554e+00
6.503802e-03
-1.014591e-01
-9.501754e-01
8.211395e-03
9.406337e-01
-9.724321e-01
7.641706e-01
9.628608e-01
-4.499742e-02
-9.699221e-01
9.623232e-01
9.140574e-01
1.924094e+00
1.872962e+00
9.261566e-01
-1.303462e-02
-1.016900e+00
-9.550855e-01
-9.587336e-01
-9.382433e-01
-2.360778e-03
-9.375904e-01
-9.910032e-01
-9.532689e-01
1.635773e-02
-5.453298e-03
1.224766e-02
1.750195e+00
1.839520e+00
2.850268e+00
1.920942e+00
1.883839e+00
1.910351e+00
1.979731e-02
3.723550e-03
-9.463039e-01
-9.901058e-01
9.728348e-01
1.888028e+00
2.883353e+00
1.049503e-02
1.901622e+00
9.191742e-01
1.053039e+00
-3.460332e-02
-8.166730e-01
2.799798e+00
2.836933e+00
9.480648e-01
9.560606e-01
-9.427429e-01
-1.392548e-02
2.520430e-01
1.904067e+00
-1.453049e-01
-9.804295e-01
5.978282e-03
-9.386027e-01
-9.685319e-01
1.863175e+00
-9.616725e-01
-3.269656e-02
9.677519e-01
-9.114280e-01
-9.332024e-01
-9.514925e-01
-1.235301e-02
-1.854283e+00
1.392492e-03
1.698911e+00
-1.996187e-02
-9.624604e-01
-8.474817e-01
9.698688e-01
1.894938e+00
9.580799e-01
2.805926e+00
4.647649e-02
-9.553389e-01
3.003521e-02
-9.624784e-01
-9.335980e-01
-9.703378e-01
8.155446e-03
-1.009339e+00
-9.411731e-01
-9.681285e-01
-2.885047e+00
-9.667277e-01
2.689942e+00
2.724232e+00
9.492522e-01
-1.908691e+00
9.711777e-01
-7.536605e-03
9.616363e-01
9.519850e-01
9.528438e-01
9.322070e-01
-2.854444e+00
-1.915158e+00
1.894908e+00
1.908948e+00
9.703814e-01
1.132440e+00
-9.661719e-01
1.911987e+00
9.604653e-01
-3.855034e+00
-1.885122e+00
-3.723004e+00
-1.881987e+00
-1.879895e+00
-1.921722e+00
-3.823682e+00
-2.911299e+00
-1.898290e+00
-1.865013e+00
-1.907818e+00
-9.553145e-01
-2.881832e+00
-1.924485e+00
-1.028528e+00
-1.956193e+00
-1.906410e+00
2.107291e-03
1.720564e-02
-5.750168e-02
-9.465197e-01
-9.369207e-01
-1.927598e-01
-9.890246e-01
-1.866926e+00
-1.941273e+00
-2.756163e+00
-1.450213e-03
-9.817804e-01
9.270550e-01
-9.666787e-01
-4.389678e-02
-1.053225e-02
-1.892141e+00
-9.727505e-01
9.911386e-01
1.721350e-02
2.109649e-02
-8.304936e-03
9.410820e-01
9.554978e-01
2.866952e+00
1.848890e+00
1.911824e+00
-1.522915e-02
